A 0.15 255,255,255
C -13.50,30.00,25.00 0.000000,-0.645460,-0.763794 45
L 0,15,10 0.8 255,255,255
pl 0,0,0 0,1,0 89,183,186
sp 13.660,0.320,-4.670
sp 12.400,0.230,-1.670
sp 13.900,0.160,-2.860
sp 13.850,0.290,-0.290
sp 16.410,0.480,-4.680
sp 16.880,0.230,-1.050
sp 12.220,0.580,-0.880
sp 15.400,0.420,-3.900
sp 13.650,0.420,-3.380
sp 15.120,0.260,-3.080
sp 16.330,0.480,-3.040
sp 12.320,0.410,-4.010
sp 14.970,0.180,-4.300
sp 15.060,0.230,-0.680
sp 13.640,0.370,-1.200
sp 15.480,0.210,-4.560
sp 16.720,0.170,-0.060
sp 14.520,0.150,-2.140
sp 13.040,0.320,-2.760
sp 12.370,0.490,-4.910
sp 16.230,0.350,-1.560
sp 14.090,0.310,-1.720
sp 14.480,0.330,-3.220
sp 16.410,0.160,-0.950
sp 15.340,0.470,-2.190
sp 15.700,0.500,-0.190
sp 16.030,0.160,-2.460
sp 16.720,0.340,-2.190
sp 12.620,0.160,-2.070
sp 13.140,0.250,-1.620
sp 13.550,0.360,-2.110
sp 14.440,0.290,-0.340
sp 13.150,0.170,-0.500
sp 13.450,0.230,-4.010
sp 16.240,0.150,-0.650
sp 12.260,0.180,-3.050
sp 12.840,0.170,-3.540
sp 12.990,0.200,-0.950
sp 14.970,0.350,-4.880
sp 14.740,0.160,-3.670
sp 14.340,0.280,-4.820
sp 14.650,0.170,-1.730
sp 15.770,0.220,-4.930
sp 16.720,0.350,-3.860
sp 15.290,0.240,-1.250
sp 14.640,0.190,-4.110
sp 16.970,0.230,-0.590
sp 12.070,0.160,-3.400
sp 12.970,0.180,-4.560
sp 14.070,0.210,-2.380
sp 12.930,0.330,-0.030
sp 12.260,0.310,-2.400
sp 15.760,0.200,-1.120
sp 15.540,0.160,-2.940
sp 13.190,0.150,-3.590
sp 14.120,0.220,-3.990
sp 15.640,0.170,-3.310
sp 14.180,0.170,-4.410
sp 14.540,0.290,-1.060
sp 12.780,0.180,-1.360
sp 24.610,0.230,-7.140
sp 23.990,0.300,-6.370
sp 22.420,0.510,-7.670
sp 26.990,0.550,-6.400
sp 24.690,0.160,-8.850
sp 25.750,0.520,-9.030
sp 23.510,0.260,-8.980
sp 26.830,0.450,-9.480
sp 24.180,0.360,-7.800
sp 25.600,0.550,-5.770
sp 23.220,0.170,-7.470
sp 23.630,0.220,-5.250
sp 23.460,0.300,-6.940
sp 22.130,0.260,-5.780
sp 23.010,0.190,-8.260
sp 23.390,0.190,-6.260
sp 24.380,0.510,-9.760
sp 25.720,0.540,-6.950
sp 23.600,0.160,-8.140
sp 24.860,0.260,-5.100
sp 22.170,0.350,-6.860
sp 25.040,0.170,-7.220
sp 22.500,0.200,-9.460
sp 22.890,0.520,-5.470
sp 24.870,0.190,-6.470
sp 24.620,0.190,-8.480
sp 26.720,0.160,-7.170
sp 26.680,0.560,-8.070
sp 26.470,0.150,-6.880
sp 24.580,0.320,-5.640
sp 22.320,0.520,-8.710
sp 24.540,0.210,-6.700
sp 24.100,0.180,-5.090
sp 25.690,0.210,-9.890
sp 25.740,0.350,-7.890
sp 25.190,0.190,-8.740
sp 26.530,0.260,-5.460
sp 26.030,0.160,-8.430
sp 23.270,0.160,-9.660
sp 22.740,0.290,-9.950
sp 22.580,0.260,-6.150
sp 23.790,0.220,-8.570
sp 24.940,0.340,-7.880
sp 25.060,0.200,-9.850
sp 23.300,0.160,-7.960
sp 26.140,0.200,-9.960
sp 22.180,0.270,-5.220
sp 26.000,0.230,-5.090
sp 23.050,0.240,-9.200
sp 24.260,0.230,-8.850
sp 22.010,0.430,-9.900
sp 24.480,0.170,-6.160
sp 23.870,0.190,-9.280
sp 25.220,0.160,-6.580
sp 22.960,0.200,-7.150
sp 25.360,0.180,-7.500
sp 23.030,0.190,-6.570
sp 23.730,0.320,-5.770
sp 26.220,0.170,-5.900
sp 23.560,0.160,-7.740
sp 21.590,0.210,-7.550
sp 17.480,0.190,-8.020
sp 19.840,0.410,-8.630
sp 19.280,0.380,-5.060
sp 18.820,0.290,-6.140
sp 19.310,0.260,-7.240
sp 18.190,0.500,-9.070
sp 20.560,0.180,-8.770
sp 20.090,0.460,-6.740
sp 19.380,0.570,-9.930
sp 20.980,0.270,-6.690
sp 18.090,0.190,-6.540
sp 20.240,0.260,-5.650
sp 18.650,0.240,-5.410
sp 17.300,0.530,-6.690
sp 20.720,0.170,-8.410
sp 17.750,0.520,-5.220
sp 21.540,0.160,-8.930
sp 17.490,0.200,-9.830
sp 21.220,0.160,-7.050
sp 17.410,0.160,-7.380
sp 20.400,0.250,-5.000
sp 17.090,0.230,-8.940
sp 18.900,0.260,-8.910
sp 20.810,0.170,-6.130
sp 20.420,0.300,-7.820
sp 21.730,0.200,-5.540
sp 18.300,0.230,-8.260
sp 18.600,0.370,-7.400
sp 17.520,0.220,-8.780
sp 21.210,0.350,-5.750
sp 17.010,0.220,-5.310
sp 21.230,0.360,-9.370
sp 17.820,0.200,-8.300
sp 21.190,0.200,-7.900
sp 18.280,0.300,-5.920
sp 19.760,0.240,-5.960
sp 20.010,0.210,-9.210
sp 19.360,0.160,-8.840
sp 20.160,0.190,-7.370
sp 19.410,0.290,-6.400
sp 19.200,0.220,-5.750
sp 17.290,0.190,-5.780
sp 17.780,0.200,-6.000
sp 17.070,0.200,-8.400
sp 18.750,0.180,-9.610
sp 21.530,0.190,-8.210
sp 20.650,0.330,-9.860
sp 19.130,0.210,-7.940
sp 19.480,0.170,-7.650
sp 21.910,0.160,-7.990
sp 20.040,0.150,-9.820
sp 21.440,0.190,-6.410
sp 17.830,0.150,-9.620
sp 17.860,0.170,-7.300
sp 21.320,0.180,-5.210
sp 19.350,0.160,-9.290
sp 21.330,0.170,-8.540
sp 17.730,0.210,-7.710
sp 20.840,0.280,-7.360
sp 15.930,0.270,-6.820
sp 12.950,0.430,-6.170
sp 12.170,0.490,-8.660
sp 15.970,0.170,-6.060
sp 14.730,0.490,-8.520
sp 13.910,0.350,-9.600
sp 15.550,0.380,-8.930
sp 15.180,0.260,-5.770
sp 16.450,0.220,-5.980
sp 15.950,0.320,-5.500
sp 12.930,0.330,-7.670
sp 16.820,0.200,-7.300
sp 12.110,0.340,-6.720
sp 13.930,0.530,-6.710
sp 15.880,0.400,-7.990
sp 15.150,0.190,-6.270
sp 16.210,0.390,-9.510
sp 16.940,0.170,-6.170
sp 13.160,0.390,-8.700
sp 13.650,0.250,-5.680
sp 12.210,0.160,-5.800
sp 13.810,0.410,-7.900
sp 12.020,0.300,-7.490
sp 16.550,0.210,-7.850
sp 13.790,0.180,-7.340
sp 14.680,0.370,-9.910
sp 13.180,0.160,-7.000
sp 14.610,0.210,-5.570
sp 15.360,0.200,-5.270
sp 15.530,0.200,-6.390
sp 12.920,0.590,-9.770
sp 13.710,0.220,-8.920
sp 16.650,0.180,-6.410
sp 14.580,0.270,-7.750
sp 15.360,0.180,-7.600
sp 14.650,0.210,-9.220
sp 13.210,0.190,-5.230
sp 15.120,0.160,-7.020
sp 14.410,0.160,-7.300
sp 16.100,0.190,-8.700
sp 12.220,0.160,-6.140
sp 14.560,0.180,-6.110
sp 12.540,0.160,-8.090
sp 13.850,0.230,-5.230
sp 16.370,0.160,-8.940
sp 15.420,0.160,-9.860
sp 14.220,0.220,-5.870
sp 12.120,0.180,-5.470
sp 12.000,0.190,-9.680
sp 16.910,0.220,-9.810
sp 16.280,0.220,-7.270
sp 16.570,0.250,-8.520
sp 12.200,0.160,-8.090
sp 15.300,0.150,-9.570
sp 12.460,0.170,-7.310
sp 16.500,0.170,-5.500
sp 15.440,0.160,-7.150
sp 15.620,0.190,-5.910
sp 12.720,0.160,-5.460
sp 14.940,0.180,-7.330
sp 24.720,0.590,-11.66
sp 22.770,0.200,-11.68
sp 23.770,0.450,-11.17
sp 22.320,0.460,-11.20
sp 23.050,0.180,-13.04
sp 22.260,0.340,-13.49
sp 24.160,0.210,-12.35
sp 23.160,0.160,-11.52
sp 24.360,0.200,-10.51
sp 23.630,0.420,-13.12
sp 22.520,0.270,-14.06
sp 23.320,0.180,-12.37
sp 22.800,0.330,-12.32
sp 22.940,0.310,-10.64
sp 22.120,0.270,-12.52
sp 26.340,0.340,-10.64
sp 25.390,0.180,-10.48
sp 23.660,0.240,-10.07
sp 25.530,0.350,-11.11
sp 23.710,0.150,-12.21
sp 24.800,0.210,-10.52
sp 22.110,0.300,-14.50
sp 24.620,0.160,-10.84
sp 23.000,0.220,-13.75
sp 25.850,0.190,-10.31
sp 25.090,0.180,-10.83
sp 22.090,0.230,-10.55
sp 23.580,0.150,-12.61
sp 23.010,0.160,-11.13
sp 22.030,0.160,-12.07
sp 20.330,0.540,-12.08
sp 19.320,0.320,-13.97
sp 21.350,0.540,-14.96
sp 20.520,0.380,-14.39
sp 19.220,0.330,-13.18
sp 21.690,0.330,-13.99
sp 21.000,0.380,-13.61
sp 20.860,0.170,-12.59
sp 18.520,0.190,-13.82
sp 19.710,0.330,-14.55
sp 17.650,0.570,-14.42
sp 18.530,0.260,-14.71
sp 20.010,0.370,-13.14
sp 20.980,0.170,-11.27
sp 20.990,0.160,-13.05
sp 19.810,0.160,-13.95
sp 21.410,0.160,-11.38
sp 21.320,0.300,-12.07
sp 21.640,0.210,-10.97
sp 19.100,0.240,-14.56
sp 21.740,0.170,-13.31
sp 19.920,0.160,-12.56
sp 21.530,0.350,-12.78
sp 20.310,0.190,-13.88
sp 19.590,0.190,-12.78
sp 21.740,0.190,-11.77
sp 18.590,0.180,-14.28
sp 20.490,0.200,-12.75
sp 20.970,0.170,-14.15
sp 20.560,0.180,-11.49
sp 18.610,0.560,-16.04
sp 17.100,0.390,-17.52
sp 19.620,0.250,-16.04
sp 17.380,0.530,-19.57
sp 17.040,0.420,-16.14
sp 20.310,0.290,-16.38
sp 19.470,0.320,-15.35
sp 18.090,0.290,-15.22
sp 20.280,0.210,-15.30
sp 17.510,0.300,-18.42
sp 19.040,0.180,-16.58
sp 18.070,0.400,-16.97
sp 21.010,0.220,-15.74
sp 17.100,0.290,-15.39
sp 18.800,0.240,-17.48
sp 17.430,0.160,-16.95
sp 18.310,0.310,-18.40
sp 17.550,0.180,-18.97
sp 18.860,0.190,-16.99
sp 17.880,0.270,-17.91
sp 19.310,0.220,-17.61
sp 19.960,0.160,-15.01
sp 19.690,0.300,-17.22
sp 19.810,0.190,-16.68
sp 20.130,0.150,-15.91
sp 18.780,0.170,-17.98
sp 19.440,0.180,-16.47
sp 17.680,0.210,-16.07
sp 18.410,0.160,-17.68
sp 18.620,0.150,-15.34
sp 15.190,0.340,-17.63
sp 15.860,0.280,-18.09
sp 12.800,0.350,-19.96
sp 16.020,0.470,-19.48
sp 15.140,0.210,-17.00
sp 13.940,0.360,-18.74
sp 14.510,0.160,-18.18
sp 13.400,0.270,-19.10
sp 16.240,0.520,-16.93
sp 13.760,0.540,-19.91
sp 15.400,0.190,-18.21
sp 15.150,0.410,-19.11
sp 16.470,0.210,-18.38
sp 16.600,0.200,-19.18
sp 14.530,0.210,-19.37
sp 14.070,0.280,-18.05
sp 15.350,0.170,-18.61
sp 15.490,0.160,-16.84
sp 12.790,0.330,-19.25
sp 15.320,0.280,-19.79
sp 14.640,0.160,-18.84
sp 16.970,0.270,-18.76
sp 16.230,0.180,-16.29
sp 16.620,0.170,-19.81
sp 16.510,0.230,-17.68
sp 16.490,0.250,-15.51
sp 16.140,0.260,-18.71
sp 12.060,0.160,-20.00
sp 16.970,0.150,-18.12
sp 13.120,0.160,-19.60
sp 7.370,0.270,-7.130
sp 9.140,0.160,-5.490
sp 9.250,0.550,-9.740
sp 8.270,0.220,-8.240
sp 9.660,0.440,-7.100
sp 5.790,0.250,-8.570
sp 7.820,0.440,-9.930
sp 5.610,0.160,-7.260
sp 9.600,0.200,-9.160
sp 9.840,0.210,-8.630
sp 7.910,0.160,-5.310
sp 6.460,0.210,-9.810
sp 7.210,0.460,-8.710
sp 5.210,0.550,-9.670
sp 5.740,0.160,-6.520
sp 6.960,0.210,-5.070
sp 7.140,0.490,-5.820
sp 9.070,0.220,-8.460
sp 5.930,0.220,-5.430
sp 8.340,0.370,-6.110
sp 6.000,0.180,-9.320
sp 7.070,0.220,-9.460
sp 6.280,0.440,-6.880
sp 8.390,0.250,-7.130
sp 5.450,0.520,-7.880
sp 6.700,0.180,-8.080
sp 9.160,0.220,-6.150
sp 9.820,0.180,-5.460
sp 5.430,0.230,-5.000
sp 9.720,0.150,-6.300
sp 7.880,0.150,-5.820
sp 5.260,0.190,-6.550
sp 6.310,0.290,-6.100
sp 9.460,0.400,-8.000
sp 7.180,0.300,-6.590
sp 5.240,0.160,-6.160
sp 9.070,0.220,-8.900
sp 5.140,0.380,-8.720
sp 7.660,0.180,-8.160
sp 6.590,0.200,-7.520
sp 8.170,0.320,-8.900
sp 8.500,0.360,-5.340
sp 7.610,0.190,-9.320
sp 8.400,0.260,-9.470
sp 9.820,0.170,-5.100
sp 7.820,0.340,-6.670
sp 6.310,0.170,-5.300
sp 8.640,0.180,-9.930
sp 10.000,0.240,-5.850
sp 8.960,0.160,-7.130
sp 6.580,0.180,-8.620
sp 7.940,0.290,-7.500
sp 5.350,0.240,-5.760
sp 5.060,0.150,-5.160
sp 8.740,0.190,-6.800
sp 6.680,0.180,-9.030
sp 9.320,0.210,-5.040
sp 9.820,0.160,-7.630
sp 5.100,0.230,-7.020
sp 8.680,0.180,-8.620
sp 0.570,0.270,-5.260
sp 1.620,0.510,-7.580
sp 3.980,0.590,-5.990
sp 0.080,0.580,-7.940
sp 0.910,0.430,-6.590
sp 2.380,0.290,-5.530
sp 2.590,0.270,-6.440
sp 1.230,0.330,-5.780
sp 0.410,0.180,-7.090
sp 4.380,0.250,-5.060
sp 1.550,0.200,-5.030
sp 0.980,0.250,-8.520
sp 1.890,0.250,-6.340
sp 0.620,0.210,-8.990
sp 0.710,0.190,-5.830
sp 0.000,0.420,-6.050
sp 1.940,0.210,-5.190
sp 3.060,0.450,-5.230
sp 2.190,0.150,-7.710
sp 0.010,0.250,-5.320
sp 2.580,0.380,-7.340
sp 0.040,0.540,-9.640
sp 0.860,0.160,-7.760
sp 2.910,0.210,-5.960
sp 0.060,0.150,-8.770
sp 1.550,0.160,-8.320
sp 1.230,0.170,-8.060
sp 0.820,0.160,-8.080
sp 1.450,0.160,-6.980
sp 3.690,0.220,-5.040
sp 6.940,0.300,-11.51
sp 6.460,0.170,-13.02
sp 7.780,0.180,-10.60
sp 5.720,0.360,-13.46
sp 7.000,0.180,-10.53
sp 5.680,0.500,-10.83
sp 8.520,0.460,-10.74
sp 5.300,0.500,-12.67
sp 6.380,0.180,-11.73
sp 7.530,0.360,-11.14
sp 7.270,0.590,-12.40
sp 5.190,0.190,-13.91
sp 5.080,0.180,-11.31
sp 5.500,0.240,-12.00
sp 6.170,0.330,-12.19
sp 8.070,0.290,-11.51
sp 5.830,0.160,-10.27
sp 6.550,0.340,-10.96
sp 5.010,0.340,-14.62
sp 6.160,0.160,-10.32
sp 9.210,0.210,-10.68
sp 6.220,0.170,-13.51
sp 5.390,0.180,-14.27
sp 5.900,0.220,-11.47
sp 7.420,0.180,-11.69
sp 5.740,0.170,-14.24
sp 5.020,0.210,-11.71
sp 6.700,0.150,-10.12
sp 5.950,0.200,-12.78
sp 9.960,0.230,-10.01
sp 0.810,0.470,-14.39
sp 3.080,0.190,-14.78
sp 4.190,0.360,-12.68
sp 2.180,0.230,-14.09
sp 2.290,0.230,-14.69
sp 2.830,0.300,-13.31
sp 4.970,0.160,-10.80
sp 2.580,0.220,-12.65
sp 3.840,0.440,-14.19
sp 2.000,0.200,-13.66
sp 3.340,0.400,-12.78
sp 3.670,0.180,-14.83
sp 4.530,0.350,-13.61
sp 4.080,0.420,-11.54
sp 1.830,0.180,-14.33
sp 4.360,0.240,-14.85
sp 2.910,0.240,-12.16
sp 2.760,0.180,-14.14
sp 4.590,0.250,-11.03
sp 1.620,0.230,-13.86
sp 1.600,0.420,-14.97
sp 4.110,0.210,-10.90
sp 4.570,0.210,-14.18
sp 3.380,0.180,-13.60
sp 4.800,0.220,-10.45
sp 3.430,0.250,-11.74
sp 2.050,0.260,-13.13
sp 4.710,0.160,-12.96
sp 4.180,0.170,-13.20
sp 0.040,0.280,-14.98
sp 5.240,0.210,-19.87
sp 6.860,0.210,-18.90
sp 8.450,0.560,-16.87
sp 8.090,0.470,-18.98
sp 7.910,0.320,-17.72
sp 9.270,0.170,-19.94
sp 9.680,0.420,-19.27
sp 6.290,0.480,-19.62
sp 9.810,0.230,-15.63
sp 8.980,0.420,-17.83
sp 7.010,0.230,-19.46
sp 9.050,0.310,-16.23
sp 8.270,0.210,-19.97
sp 9.730,0.560,-16.88
sp 5.630,0.220,-19.44
sp 9.890,0.280,-18.21
sp 7.560,0.450,-19.85
sp 9.620,0.170,-17.63
sp 9.130,0.150,-18.84
sp 6.850,0.400,-18.17
sp 8.850,0.230,-19.97
sp 7.420,0.150,-17.87
sp 7.540,0.260,-18.35
sp 8.660,0.190,-19.26
sp 9.520,0.160,-18.74
sp 8.380,0.260,-18.30
sp 9.080,0.170,-16.86
sp 6.450,0.190,-18.69
sp 9.830,0.180,-16.15
sp 9.160,0.160,-19.39
sp 4.720,0.320,-18.90
sp 3.050,0.260,-16.77
sp 4.150,0.600,-16.22
sp 3.180,0.510,-18.40
sp 1.100,0.300,-16.58
sp 2.410,0.300,-16.98
sp 4.870,0.200,-15.73
sp 0.100,0.340,-16.89
sp 0.800,0.250,-18.57
sp 1.090,0.280,-17.58
sp 3.700,0.180,-17.18
sp 4.130,0.150,-18.42
sp 4.610,0.510,-17.63
sp 3.830,0.270,-19.72
sp 3.000,0.300,-19.99
sp 2.780,0.210,-19.31
sp 0.160,0.260,-19.44
sp 1.990,0.190,-19.02
sp 2.030,0.480,-18.27
sp 1.310,0.340,-19.93
sp 1.590,0.190,-16.10
sp 2.700,0.460,-15.82
sp 4.600,0.240,-19.65
sp 2.800,0.270,-17.70
sp 1.710,0.190,-15.61
sp 3.990,0.180,-17.64
sp 2.530,0.170,-15.07
sp 2.200,0.170,-15.26
sp 0.180,0.230,-16.08
sp 3.740,0.180,-15.33
sp 0.610,0.190,-16.73
sp 1.680,0.170,-18.78
sp 1.080,0.150,-16.12
sp 0.210,0.170,-19.96
sp 0.020,0.230,-18.62
sp 2.130,0.210,-19.93
sp 0.010,0.250,-17.66
sp 1.820,0.170,-17.69
sp 4.820,0.170,-16.85
sp 1.680,0.320,-17.05
sp 0.820,0.370,-19.36
sp 0.600,0.160,-15.86
sp 1.990,0.160,-16.38
sp 0.830,0.160,-15.54
sp 3.540,0.190,-18.97
sp 0.960,0.160,-17.03
sp 4.200,0.170,-18.07
sp 2.120,0.220,-19.42
sp 0.470,0.200,-15.25
sp 0.010,0.170,-15.52
sp 0.680,0.150,-19.88
sp 3.870,0.240,-18.70
sp 1.250,0.240,-18.88
sp 3.500,0.250,-17.68
sp 5.000,0.260,-15.29
sp 1.970,0.220,-15.94
sp 1.070,0.170,-15.13
sp 3.650,0.200,-16.71
sp 3.250,0.230,-19.38
sp 4.520,0.170,-15.39
